# Sim Calc

A = [ 12 12 2 ] 
B = [ 0 0 0]
C = [0 0 0]
D = [0 0 0]



